500 1500
236 112
351 2
321 225
494 398
171 50
258 210
49 7
477 237
293 332
63 6
21 283
233 294
200 196
14 458
306 201
196 92
186 145
257 5
231 432
176 300
377 216
206 262
467 7
347 6
172 254
88 404
463 103
215 474
242 6
128 140
169 6
400 477
181 200
377 440
54 387
273 350
427 238
141 4
392 167
69 56
232 364
130 63
317 103
91 301
437 7
65 5
488 4
436 29
102 263
115 35
306 171
174 137
128 348
367 248
161 391
496 33
475 8
344 151
484 495
83 430
249 423
142 440
105 399
33 204
377 7
458 495
207 91
408 2
251 92
172 1
461 6
308 344
77 7
412 7
349 470
166 4
223 3
263 337
99 169
60 126
359 7
319 423
496 4
40 257
41 364
228 5
379 300
18 92
56 3
370 284
309 7
309 26
177 96
332 3
417 6
301 492
475 315
177 1
448 376
365 299
262 464
156 406
279 48
177 379
372 41
322 271
277 5
64 178
310 221
270 99
265 198
428 5
401 173
474 6
15 389
42 227
304 187
382 495
167 2
222 6
173 5
472 234
74 136
274 1
458 340
331 385
14 164
466 95
316 41
34 2
282 4
495 5
131 4
115 452
151 437
108 27
191 439
443 269
457 283
364 3
303 10
310 49
467 43
55 219
310 479
1 4
435 228
371 3
287 53
484 473
373 359
453 282
329 364
446 4
237 472
422 183
356 253
125 16
303 486
185 461
354 438
49 169
500 5
393 50
165 1
43 420
137 4
390 428
320 3
361 5
142 246
476 456
378 224
324 294
487 160
344 334
345 4
102 386
138 343
415 7
235 355
190 6
216 19
344 102
319 342
465 366
493 40
486 7
97 7
453 2
477 234
294 421
326 58
36 360
187 190
149 1
328 499
5 6
411 2
477 283
98 7
285 76
54 311
41 3
359 301
330 327
68 387
459 341
182 23
249 428
428 56
9 131
241 161
127 306
379 350
305 192
369 285
4 5
354 337
435 125
500 183
278 3
62 142
175 251
179 13
385 6
459 272
167 119
398 427
373 324
146 173
37 294
104 441
480 64
304 116
437 73
317 117
331 5
495 246
205 135
414 2
191 272
42 187
475 318
135 238
85 494
341 493
38 7
167 425
59 145
135 6
458 5
134 1
166 188
68 6
113 451
349 314
1 5
289 1
203 1
396 292
423 3
460 304
293 5
306 472
142 411
360 371
192 4
358 293
21 154
152 75
244 68
302 329
403 395
280 164
88 210
58 142
341 4
331 97
195 4
113 3
347 345
324 285
344 5
290 3
399 141
82 99
499 277
315 282
437 16
349 2
408 73
89 1
357 6
282 434
122 3
383 455
328 331
346 1
26 99
344 277
437 110
41 367
425 2
248 460
99 466
450 324
73 7
187 45
383 4
462 21
224 5
174 244
19 269
431 208
17 1
479 7
335 6
384 5
106 5
365 353
398 422
206 419
75 67
227 287
368 327
68 422
447 452
214 14
74 118
110 2
274 326
199 174
463 4
298 434
104 1
316 2
225 110
318 76
239 473
103 311
324 6
255 229
2 3
337 2
147 6
152 95
279 103
155 245
16 3
180 6
198 3
188 1
171 460
131 335
464 276
206 5
200 7
154 3
175 7
49 21
206 243
252 145
255 1
208 5
215 402
185 7
377 275
470 1
159 4
4 390
28 7
328 310
298 411
215 209
490 6
301 64
363 16
451 2
327 347
467 51
500 438
368 300
41 117
140 186
253 7
57 441
241 414
194 7
488 223
281 64
164 3
15 7
327 204
482 395
284 191
59 354
155 1
171 1
420 79
87 498
257 21
297 176
213 2
170 112
450 461
3 345
244 4
46 51
355 1
449 6
392 6
158 132
166 13
362 2
149 10
19 7
362 332
366 438
398 485
435 226
280 7
72 182
493 4
156 28
464 461
213 307
164 118
474 2
447 6
394 3
247 1
199 228
74 32
432 301
164 262
387 290
161 313
43 1
491 7
429 3
403 244
228 108
364 239
237 453
39 103
407 3
64 311
104 265
356 318
362 244
455 7
332 235
40 423
342 378
96 148
38 489
81 1
214 164
366 4
254 7
387 6
229 3
256 7
316 478
486 484
474 439
53 15
273 439
447 224
438 1
74 283
337 346
39 251
236 56
168 49
311 6
82 491
243 4
63 81
346 317
442 430
273 3
120 177
85 98
95 3
289 319
473 6
216 117
130 5
359 485
462 2
440 46
336 2
383 368
269 7
163 4
395 347
487 296
486 237
449 87
117 409
4 6
467 147
287 4
405 183
435 3
321 176
333 68
499 447
36 5
124 6
50 4
231 5
356 104
330 102
272 2
266 3
153 439
84 444
216 2
140 252
264 4
14 1
85 5
78 459
363 67
464 430
162 176
268 4
80 4
115 430
193 404
385 71
321 3
183 1
13 444
463 38
289 452
336 102
477 439
422 260
253 463
232 59
328 77
169 447
402 482
439 468
436 74
328 462
150 6
323 4
424 442
102 57
233 468
82 93
109 2
340 3
190 255
329 353
374 1
402 12
468 324
1 381
397 5
86 124
215 6
83 147
2 6
351 205
136 1
253 473
123 4
151 7
49 178
410 3
354 4
241 101
27 4
193 5
209 475
311 309
17 364
140 7
328 1
296 324
157 38
330 338
500 13
206 189
409 3
439 239
418 411
493 466
136 210
53 6
449 165
275 3
6 7
418 134
176 5
472 400
385 166
361 403
68 401
205 2
412 399
438 458
12 384
277 334
106 103
191 147
310 1
420 333
141 35
342 4
79 239
300 4
355 197
281 63
459 296
94 1
187 405
40 4
29 7
251 31
402 6
354 368
253 6
420 301
206 15
450 4
38 462
196 491
455 326
388 46
499 2
438 349
92 201
296 83
312 260
463 479
62 2
144 291
356 116
30 5
491 265
342 37
79 164
405 2
196 7
426 7
86 457
146 154
437 457
127 1
156 1
469 157
67 150
374 114
364 268
84 5
485 142
12 218
347 413
18 481
404 390
434 46
26 4
353 293
434 133
416 94
436 7
49 333
345 397
312 6
476 1
240 6
331 248
18 4
366 411
52 282
452 1
334 3
8 467
439 438
285 4
246 2
325 2
388 7
89 238
497 3
258 7
53 319
429 352
22 32
386 7
210 415
357 280
335 419
224 30
452 35
200 384
85 3
174 6
90 3
390 3
199 104
118 3
451 364
198 454
343 361
237 2
305 212
152 265
201 117
353 6
224 262
33 2
119 325
297 457
252 5
197 118
61 5
60 87
427 7
491 77
367 488
89 345
363 5
119 7
399 3
477 406
162 1
310 330
397 158
149 42
105 6
320 271
43 294
323 60
391 5
100 2
374 159
23 94
487 109
14 221
15 358
174 296
148 2
492 437
331 116
85 317
342 40
236 436
11 7
227 1
20 7
114 6
452 291
283 2
75 3
12 198
476 203
81 336
95 342
194 487
462 228
58 159
218 332
239 319
241 216
469 7
393 7
58 4
455 364
224 373
296 4
499 193
310 215
447 462
482 4
318 7
485 475
143 4
201 7
126 272
208 180
454 4
96 1
78 1
247 123
495 209
117 1
422 111
2 5
59 1
24 275
433 61
301 6
338 1
239 204
48 4
287 258
410 85
123 414
294 7
241 18
199 291
86 56
201 254
291 380
498 7
145 85
428 87
233 1
411 380
9 14
460 2
41 287
412 243
417 204
10 3
174 74
355 257
441 215
365 3
186 23
365 122
194 150
112 252
403 3
287 286
435 223
145 4
326 7
116 7
396 94
28 100
196 95
133 5
416 1
218 2
291 6
90 266
8 3
96 11
346 393
270 209
153 405
329 6
57 1
318 253
109 350
404 4
341 148
248 6
197 7
384 450
191 412
292 437
336 63
331 169
415 3
157 5
21 284
197 276
352 71
271 5
352 3
411 8
129 7
25 7
88 480
245 5
191 156
1 2
10 178
451 37
31 7
319 3
12 461
223 147
178 6
87 68
251 5
278 454
494 2
427 229
2 4
339 4
115 489
491 378
132 290
248 431
13 451
189 115
444 6
72 2
25 337
481 6
465 2
146 164
310 313
8 491
182 237
448 7
44 19
4 47
286 297
496 135
151 459
69 5
137 262
400 190
220 1
64 5
343 3
214 436
42 7
475 7
369 5
89 167
186 1
121 402
144 352
447 152
263 3
340 64
462 71
3 5
144 425
81 27
163 458
31 122
262 17
34 438
202 348
243 179
356 78
182 5
357 151
288 2
144 25
434 3
55 2
145 205
492 7
249 2
153 1
207 175
464 25
343 6
420 262
121 3
483 5
421 375
86 315
372 161
39 224
468 4
406 3
121 422
276 317
230 3
6 65
459 6
253 126
187 2
441 4
146 254
30 384
113 286
9 1
302 6
267 173
396 456
45 2
227 231
121 440
259 5
7 425
111 7
226 458
388 275
201 210
378 5
153 245
101 4
288 151
207 1
230 40
197 20
461 483
286 1
281 161
308 3
12 2
407 204
235 6
471 6
106 125
356 440
281 80
192 152
96 430
240 101
16 209
439 164
79 5
421 17
114 88
484 1
177 485
485 2
178 282
91 473
398 399
304 2
325 456
426 364
223 341
107 7
77 305
182 493
180 364
99 251
441 414
428 320
376 1
117 292
225 1
322 3
367 5
389 252
157 200
386 43
214 4
144 340
347 28
375 363
74 3
138 7
3 7
443 4
3 6
306 5
398 445
330 7
37 1
127 159
270 5
206 113
355 321
145 109
382 5
174 33
396 6
373 2
6 120
60 1
27 433
294 44
86 308
85 443
209 1
333 4
391 137
1 399
194 485
160 4
436 54
206 29
216 262
210 3
69 469
125 18
322 7
115 2
315 6
343 10
394 434
368 106
380 6
265 5
72 475
278 483
1 6
185 243
375 402
98 145
112 5
425 272
281 5
444 237
108 123
139 214
384 269
83 438
39 284
138 190
456 5
128 4
239 269
358 1
179 7
3 4
120 344
360 3
85 497
24 5
472 7
461 275
261 4
262 142
241 304
421 1
114 219
19 251
211 3
63 394
343 371
187 193
418 3
132 2
93 4
402 57
279 178
92 3
3 433
61 422
348 5
189 2
490 405
439 1
168 1
177 429
185 417
267 2
144 122
318 352
239 200
120 478
373 443
15 390
236 1
433 2
345 68
430 6
388 123
336 352
463 259
474 354
330 42
302 113
123 468
125 1
339 442
91 3
109 244
423 470
103 421
21 2
117 191
377 185
103 1
381 6
70 6
260 4
461 474
164 104
480 5
182 136
490 86
108 4
377 161
185 220
184 1
33 261
490 214
356 6
39 5
394 374
17 163
202 4
372 4
204 1
12 221
413 3
142 1
90 441
145 44
295 2
90 32
35 5
104 493
146 26
291 311
262 7
470 397
126 3
329 448
158 2
71 67
237 173
242 233
470 487
43 352
442 1
398 5
490 129
394 248
429 255
175 298
487 1
241 7
77 42
76 2
99 1
314 3
71 7
382 162
436 237
440 3
87 4
223 284
431 3
32 4
336 443
395 371
197 151
347 449
196 86
65 371
264 422
66 7
283 99
294 77
400 4
140 498
463 29
334 148
155 231
182 169
283 196
457 4
97 109
82 6
236 184
83 6
19 257
111 287
25 406
286 132
2 463
403 390
350 6
144 5
38 316
276 6
284 2
259 224
445 4
68 467
479 431
50 329
139 7
202 203
419 4
93 86
357 62
94 21
51 7
407 17
355 210
237 489
204 272
17 293
320 341
299 3
118 404
52 4
370 3
196 4
67 7
104 159
245 183
280 83
34 394
379 2
157 440
254 12
181 3
285 89
271 112
67 413
190 273
250 413
154 460
174 242
394 389
191 2
98 25
2 7
296 336
55 400
120 3
78 484
142 442
153 452
260 172
303 7
47 6
99 245
232 1
497 137
292 5
32 48
437 445
383 230
181 151
420 7
327 59
432 7
211 130
401 3
161 7
251 275
217 4
22 7
46 2
327 6
161 182
250 7
355 41
119 393
260 18
13 5
105 469
370 345
431 170
355 106
48 87
54 6
395 3
256 170
289 330
229 82
414 221
455 182
23 2
422 1
99 384
237 257
441 5
459 446
255 407
40 5
118 282
159 440
212 5
211 244
424 3
278 333
1 3
365 219
160 210
264 343
300 199
256 185
38 27
149 217
417 164
102 3
22 241
307 2
64 190
345 457
5 7
368 7
492 365
197 229
63 222
266 113
409 150
32 322
3 463
121 269
127 239
187 216
292 472
228 467
234 2
426 68
196 305
4 7
360 470
305 6
30 10
234 168
221 170
278 75
242 318
76 388
177 373
59 103
26 74
167 80
104 63
413 163
239 4
162 471
476 53
170 1
317 6
212 433
389 2
146 1
382 238
298 6
221 1
491 113
199 5
189 414
464 7
462 484
457 470
219 7
275 252
12 217
274 465
260 15
3 397
31 267
211 109
367 471
402 277
105 145
478 1
90 257
313 7
343 241
157 366
441 11
477 7
279 6
331 259
299 373
1 7
284 353
281 245
375 7
109 84
409 152
132 95
239 457
193 369
286 474
67 471
247 301
158 201
340 194
439 218
304 357
44 7
466 4
164 261
31 394
313 163
417 434
411 370
351 83
88 4
142 275
301 423
218 22
197 207
168 412
489 6
219 446
73 363
330 10
86 1
68 442
23 216
38 322
226 3
297 5
41 377
238 3
404 164
171 37
189 446
224 169
326 4
476 141
429 36
152 2
395 301
103 398
