170 1906
153 127
169 121
85 103
77 2
1 77
61 38
34 166
28 103
122 22
18 35
153 64
134 32
13 52
10 15
56 55
87 3
113 19
102 11
135 35
129 105
143 16
149 48
83 61
52 11
122 45
155 75
64 42
50 121
61 46
86 50
85 151
131 164
126 108
80 162
162 133
66 146
110 139
100 120
67 92
113 54
141 123
75 150
100 122
76 89
72 155
132 143
92 3
10 67
164 95
123 167
107 118
52 63
142 155
52 72
41 79
137 100
69 169
71 8
26 65
127 68
76 2
5 86
167 112
40 11
157 12
163 130
112 131
45 130
55 61
11 3
112 73
45 97
154 150
145 74
101 140
74 8
27 68
122 132
55 15
120 89
158 82
121 13
148 59
18 132
14 121
106 103
115 9
47 40
33 14
117 21
89 8
53 39
159 126
8 162
86 55
49 149
139 82
38 26
55 6
166 3
125 11
96 12
113 101
47 56
55 143
73 115
56 81
137 148
22 103
35 86
40 109
63 144
88 156
50 126
7 162
137 3
1 134
35 140
1 47
128 137
124 24
36 114
137 88
67 47
150 71
121 125
60 124
72 167
40 156
113 78
22 66
153 148
31 96
143 151
112 2
15 37
52 170
39 71
111 115
5 104
45 23
43 96
125 16
3 18
26 142
36 92
54 148
93 10
115 146
4 11
76 51
10 91
92 45
86 63
122 42
1 54
88 15
119 90
15 70
158 13
84 77
1 53
95 165
78 53
25 1
108 21
3 16
100 148
122 11
76 127
116 12
75 26
86 5
50 36
38 170
20 114
145 54
109 88
106 81
40 58
27 46
105 18
128 25
51 32
111 163
107 90
154 56
134 120
17 100
41 19
120 11
20 80
145 165
9 149
43 29
30 158
108 106
147 151
117 29
128 128
109 7
35 154
123 70
98 31
20 119
169 45
28 14
92 41
83 36
79 12
38 25
149 20
107 93
153 32
137 8
69 92
110 77
145 102
122 103
131 68
5 29
165 110
88 28
156 39
53 141
10 49
110 141
166 91
34 160
77 157
48 98
158 111
94 8
168 147
22 30
110 86
110 15
125 49
107 9
37 67
138 123
12 169
11 105
78 115
38 145
103 47
25 83
140 136
97 150
78 60
100 133
22 107
2 139
125 145
108 147
135 85
99 87
157 1
65 137
170 36
20 69
121 36
124 63
10 30
162 110
67 9
164 103
160 51
112 130
161 23
155 6
123 33
98 124
125 65
165 6
140 95
144 155
99 169
40 159
67 113
107 36
76 158
148 65
13 113
62 167
70 8
29 82
141 142
76 122
152 130
134 142
134 151
110 7
136 88
42 121
77 27
36 62
10 48
88 130
77 168
51 77
62 3
27 137
145 49
23 47
140 61
53 152
157 47
23 137
8 80
13 119
6 71
111 16
67 112
63 117
132 54
2 61
165 159
94 104
81 70
6 84
165 147
103 102
86 100
113 10
164 19
54 50
78 17
9 32
2 45
160 137
153 155
111 104
41 49
121 142
15 105
38 85
146 4
84 124
107 127
170 6
22 42
9 54
138 21
90 11
88 143
3 111
56 119
85 7
14 109
14 144
25 111
87 77
10 120
46 30
144 102
114 2
136 40
102 127
25 90
112 3
23 16
148 48
152 30
45 70
160 82
170 128
92 70
135 156
155 82
15 161
94 69
70 83
5 155
118 152
76 165
56 92
19 102
148 26
18 96
161 112
61 102
23 92
117 56
86 24
65 120
1 34
126 117
76 47
88 37
101 66
161 88
133 115
33 147
148 62
134 147
54 79
76 105
117 168
90 99
150 47
153 167
83 29
170 64
57 137
163 15
84 1
137 121
113 107
116 36
6 12
56 109
8 119
160 29
139 15
47 83
92 102
137 58
111 135
126 123
73 35
90 153
125 81
84 158
154 129
138 82
118 21
91 62
145 72
100 164
69 58
8 64
94 147
72 119
67 151
75 129
160 146
148 133
61 143
83 70
58 121
13 75
31 46
102 62
77 166
155 163
31 1
7 31
23 162
2 51
50 149
142 66
64 69
165 130
23 163
105 114
65 51
34 82
154 152
140 59
137 12
42 149
131 76
9 132
144 144
88 27
9 98
106 88
51 140
58 40
89 89
48 57
165 4
57 33
26 164
10 92
113 42
45 93
91 108
28 98
48 88
35 30
109 157
36 112
51 65
162 71
112 72
166 147
24 161
47 43
23 42
12 37
124 124
138 165
36 136
26 26
137 10
70 112
112 167
76 74
68 63
45 84
85 83
138 154
166 30
52 168
97 29
24 70
17 99
60 155
38 46
69 158
21 120
42 65
106 170
102 67
149 153
49 160
124 90
17 152
48 143
106 162
129 63
2 46
102 110
22 147
46 74
165 128
155 142
22 38
79 20
126 8
42 141
155 95
7 37
110 125
166 26
101 162
147 112
65 63
4 46
75 44
100 38
84 113
160 97
65 48
103 151
133 25
73 73
68 29
82 3
89 149
45 111
46 70
106 154
145 105
59 137
75 141
147 11
144 6
111 157
88 47
102 42
13 130
166 97
162 139
149 160
19 133
9 128
21 165
101 135
150 61
127 130
110 132
30 108
73 54
102 141
77 97
96 84
75 53
103 122
18 135
127 51
64 162
88 79
68 148
153 59
126 84
148 31
170 116
2 47
131 101
116 170
137 38
17 42
162 30
168 41
92 160
63 88
3 169
76 19
159 31
74 104
103 107
23 117
26 63
28 125
93 111
59 140
36 143
21 79
57 108
122 84
115 7
105 41
158 113
46 102
103 113
65 140
17 81
163 131
74 85
122 120
13 36
13 14
76 67
87 170
121 69
162 73
151 30
114 121
142 31
106 95
10 114
47 130
89 69
129 23
133 75
127 86
49 147
23 133
131 110
108 138
135 34
127 38
86 125
128 156
29 27
153 78
5 165
106 163
92 130
5 116
6 56
32 67
9 3
22 71
137 151
103 51
50 103
53 27
127 159
71 146
111 97
1 65
103 170
88 13
34 27
165 152
41 121
112 45
103 27
63 15
130 95
72 35
43 43
85 86
66 117
52 54
28 136
82 43
23 8
70 142
20 144
164 78
132 16
16 81
33 169
161 43
26 55
157 18
50 6
125 52
142 54
72 79
73 44
1 91
53 122
83 151
146 55
21 132
65 153
35 111
85 154
20 143
79 137
33 130
92 44
95 23
98 37
126 33
17 82
108 86
102 104
83 32
46 82
104 140
135 131
76 45
94 154
136 157
156 63
124 150
54 19
139 62
164 34
68 18
93 151
59 109
42 66
114 113
135 89
5 72
8 156
126 32
29 26
68 24
26 60
23 18
116 23
105 154
78 50
152 122
51 85
153 100
58 138
103 43
67 62
158 47
32 5
132 7
79 33
158 132
15 76
108 41
134 137
58 30
158 52
71 61
80 98
155 34
135 161
148 83
124 154
147 144
33 92
98 28
148 157
50 87
3 160
97 106
61 87
29 42
147 32
46 71
87 41
15 119
95 69
87 59
19 69
68 72
31 97
76 150
33 131
14 150
110 98
10 156
23 23
154 17
60 28
149 2
46 7
84 92
48 83
167 123
112 113
102 155
13 8
75 16
96 119
137 40
112 163
130 91
152 65
35 134
41 5
153 46
60 72
127 124
6 168
123 123
144 145
75 17
104 126
12 87
129 114
114 36
54 14
93 8
122 40
156 143
119 78
148 104
1 104
145 11
50 115
116 58
140 33
155 45
77 140
79 122
52 40
151 51
122 32
140 6
150 4
23 34
15 62
39 116
82 17
84 147
42 82
53 110
156 156
96 18
2 83
54 165
13 24
106 41
31 114
122 117
126 140
88 158
158 14
3 109
63 89
30 114
92 100
5 154
37 158
23 123
101 23
124 94
35 69
5 27
50 22
84 51
59 80
158 32
163 163
24 10
49 3
62 7
87 73
31 18
115 41
65 21
117 152
170 138
142 109
139 131
116 76
154 98
131 161
44 50
58 19
98 110
30 166
47 48
139 50
125 85
121 12
144 147
152 90
61 155
102 116
138 117
4 47
145 75
103 121
84 85
12 83
17 104
135 2
87 110
29 30
22 144
86 167
6 130
41 76
74 129
170 58
116 129
24 158
147 165
169 141
145 77
20 63
26 70
85 84
164 145
83 39
131 86
119 160
126 144
85 150
98 59
163 27
57 56
15 140
147 139
166 85
5 113
143 74
22 91
152 125
160 89
7 23
132 9
56 136
157 110
16 114
131 111
77 32
84 23
19 14
42 22
56 35
113 15
68 105
93 90
120 27
58 22
145 133
73 169
150 117
154 91
67 137
164 161
143 9
138 109
31 72
9 118
37 152
28 142
23 157
110 101
41 65
31 153
150 160
50 79
162 50
122 139
60 55
130 126
42 58
87 163
51 51
92 29
5 20
26 20
116 168
57 55
46 79
89 22
36 52
11 43
157 70
30 127
28 143
67 144
32 95
25 75
106 45
136 110
134 73
116 39
63 26
128 163
167 95
11 79
57 57
22 80
92 109
98 165
37 125
52 83
4 92
5 168
90 18
67 26
71 165
84 69
81 112
44 62
6 33
150 142
157 141
101 86
105 61
136 164
108 87
142 59
152 69
38 97
136 168
159 114
36 119
17 86
150 167
111 117
135 32
4 31
82 74
158 75
155 113
36 27
99 140
8 105
142 165
65 109
18 150
49 142
107 149
45 170
76 9
87 20
170 93
30 52
29 78
113 84
28 3
85 13
126 35
145 122
49 103
167 69
87 138
112 97
46 96
116 116
125 30
75 158
130 54
104 139
72 163
58 154
145 73
153 130
130 68
115 13
109 44
163 155
151 169
63 61
130 21
15 24
7 60
42 32
29 75
71 75
45 159
87 148
133 139
71 125
21 4
113 108
164 126
146 170
88 82
134 43
154 8
125 102
34 80
38 87
20 32
169 39
98 56
75 107
132 155
52 45
158 107
97 161
59 19
100 139
132 109
74 155
36 78
111 167
137 142
42 42
18 128
6 121
165 167
101 24
106 36
169 113
12 100
143 100
97 23
115 76
8 66
5 92
80 84
68 97
59 24
16 41
10 159
54 154
87 76
64 78
52 142
164 79
22 95
57 165
1 69
24 75
70 64
112 93
104 48
121 29
66 48
148 17
16 50
52 26
12 9
73 18
16 1
153 112
41 22
83 163
139 81
148 98
57 40
23 108
164 51
122 148
113 57
114 44
118 97
75 170
148 60
30 97
44 35
86 4
84 56
12 13
10 73
142 88
109 125
76 62
79 74
123 121
23 139
24 85
122 47
49 115
62 111
101 52
141 129
158 44
25 138
107 3
66 115
121 81
167 34
95 79
158 154
116 28
88 109
55 31
76 28
165 166
160 138
164 17
131 105
104 82
9 137
88 21
102 87
38 99
36 58
125 148
139 140
29 20
118 61
90 15
94 6
18 114
138 4
31 162
116 64
133 124
8 116
19 65
165 35
56 45
44 21
62 122
156 107
9 19
88 135
68 39
150 103
9 27
140 27
3 47
62 72
111 168
42 50
69 2
127 121
99 4
168 67
130 34
3 107
86 153
107 100
115 26
95 40
126 72
164 108
105 143
135 142
140 115
138 30
58 119
107 122
32 10
57 144
78 72
143 36
84 14
107 112
106 13
98 161
88 76
53 75
123 115
157 107
21 159
154 53
23 113
83 83
140 81
9 23
14 38
129 134
85 68
125 121
152 104
87 78
105 51
11 117
65 104
27 5
81 41
58 148
12 75
35 152
126 85
36 26
133 152
78 56
59 33
55 166
144 132
93 63
126 152
144 49
34 99
72 170
109 119
95 78
130 31
103 71
144 142
62 148
97 83
90 57
28 37
159 32
59 62
58 105
96 143
32 55
58 11
84 50
10 164
5 13
164 56
46 50
87 36
28 161
118 52
168 36
149 164
101 170
8 82
119 52
83 42
13 49
37 26
34 10
139 154
111 10
115 141
14 158
76 116
5 109
72 28
113 160
36 97
100 49
30 13
43 130
51 11
68 108
116 128
66 16
165 93
135 118
105 147
24 162
19 43
90 143
28 7
130 133
90 165
126 64
128 3
75 128
41 103
127 142
132 55
115 54
104 135
7 157
63 92
46 35
30 50
49 28
124 170
150 52
47 167
102 158
128 145
1 114
104 33
27 114
157 135
105 126
130 36
42 118
117 60
42 35
129 156
51 124
167 91
96 161
9 112
59 170
118 150
49 59
77 128
133 66
104 58
112 69
34 72
168 7
45 28
3 114
126 94
167 107
16 160
13 103
132 160
86 58
8 49
106 50
5 85
32 167
26 121
99 102
37 12
31 125
53 105
84 132
108 36
80 164
127 112
140 137
158 26
59 37
59 72
77 116
41 58
124 20
128 27
15 83
46 119
100 12
3 64
63 134
2 41
42 134
133 37
132 91
19 122
115 105
104 153
20 103
137 157
114 108
127 48
16 68
144 116
154 20
108 84
169 149
117 133
108 135
155 135
119 115
24 76
29 7
47 91
12 57
141 150
153 3
54 150
18 162
54 113
125 83
7 159
52 159
43 106
122 167
159 169
18 27
34 68
158 67
66 2
139 102
143 142
132 36
3 25
145 88
22 75
86 7
125 67
168 166
142 39
18 3
28 149
100 146
39 162
133 85
95 80
94 34
74 37
20 52
55 60
23 91
141 148
28 71
75 7
50 122
74 121
42 167
97 21
147 129
35 42
11 122
76 131
136 96
112 166
96 102
64 110
84 157
80 5
166 73
47 110
38 5
132 30
167 11
142 126
164 54
115 48
153 18
27 35
65 20
136 161
90 31
2 72
136 86
22 100
131 1
51 35
150 26
36 149
55 145
5 127
52 30
83 125
47 136
82 9
135 14
84 141
142 17
41 136
154 67
109 56
148 143
147 59
114 27
108 88
134 112
68 93
118 110
54 38
167 67
138 12
35 142
27 126
60 11
45 18
21 80
11 49
78 32
130 127
53 43
47 12
97 78
56 78
104 152
90 16
102 85
47 27
48 91
110 42
88 86
135 150
150 78
61 100
137 66
43 76
72 83
10 163
53 162
12 147
16 169
123 144
26 49
44 129
13 60
65 30
26 167
143 86
145 18
47 38
125 17
120 12
166 119
88 168
53 136
164 14
153 83
169 3
56 18
116 145
158 88
30 62
21 10
4 58
51 81
170 46
101 40
147 147
77 28
57 136
90 75
36 170
34 47
137 163
138 75
15 6
120 61
97 1
16 128
115 56
37 59
4 14
9 93
41 93
41 57
126 66
47 51
20 76
131 127
158 55
71 5
118 7
140 66
122 54
110 6
22 85
58 107
91 48
115 17
105 124
81 78
94 156
21 13
92 8
154 133
95 58
43 1
151 147
91 101
161 9
72 6
106 14
3 3
4 79
150 31
4 38
15 19
2 48
64 65
118 156
134 105
20 13
53 143
81 150
69 127
23 83
34 81
96 29
153 96
28 55
93 148
117 30
131 153
87 15
86 57
141 120
155 61
102 147
7 58
119 18
92 98
40 150
45 42
151 120
66 36
136 138
57 92
166 115
38 125
52 101
117 84
114 94
19 109
83 45
165 140
2 89
11 42
5 54
93 9
164 98
114 7
147 137
72 145
43 98
63 130
43 88
148 155
53 137
100 11
133 159
128 124
151 85
61 157
26 46
62 68
83 12
85 27
110 59
162 82
12 28
60 87
160 13
90 45
87 141
140 31
22 20
68 133
92 21
52 33
18 122
23 164
114 103
111 92
28 13
167 88
142 105
34 41
48 72
152 146
169 137
121 149
58 88
94 12
114 170
28 133
4 143
112 134
68 46
10 127
2 78
89 5
32 91
34 28
153 168
79 97
139 105
104 19
20 117
118 88
30 151
25 45
4 118
108 56
19 55
37 124
55 157
104 115
99 48
133 10
151 130
35 10
135 69
45 1
74 12
88 137
59 14
76 143
102 142
38 77
91 75
27 158
59 44
134 60
146 50
92 105
141 160
110 112
91 26
73 90
15 49
169 152
97 103
169 170
144 140
7 53
48 25
39 57
132 67
79 158
148 21
168 104
9 133
155 137
78 25
84 90
4 71
124 125
150 62
50 153
19 159
98 34
143 15
127 103
34 17
131 18
75 87
85 112
23 40
105 36
6 103
139 25
135 39
116 155
118 116
44 64
133 161
88 25
116 24
141 34
7 112
97 48
13 136
55 29
62 154
2 97
167 101
13 108
108 167
21 41
80 168
8 59
89 168
58 9
102 79
28 10
20 86
33 37
60 83
67 155
150 115
75 166
94 150
56 21
34 74
166 164
102 156
73 112
153 115
16 117
24 124
79 46
89 135
46 27
61 90
26 58
96 60
97 4
148 120
119 149
62 104
84 154
64 72
111 154
5 58
69 108
52 146
120 168
99 100
24 86
151 143
102 117
90 130
34 42
17 52
84 159
34 110
98 113
126 116
6 7
62 27
69 77
52 70
25 112
116 72
164 170
143 138
24 98
24 7
11 72
140 165
26 99
75 80
74 137
21 85
30 169
130 116
163 154
163 43
5 65
38 102
57 72
56 94
39 75
29 36
3 118
61 35
