997 31
32 268 688 718 328 778 538 388 568 178 838 508 208 148 658 358 928 28 478 808 88 448 598 628 418 868 58 118 898 958 298 748 238
32 299 209 659 749 959 239 809 89 449 419 329 119 179 629 599 569 719 269 359 689 59 479 389 29 869 839 779 899 539 509 929 149
32 120 870 960 750 510 840 360 30 420 240 390 540 270 810 720 330 570 600 660 210 300 60 450 930 90 150 780 180 630 480 690 900
33 210 870 900 720 960 0 660 120 930 570 270 810 30 180 540 60 240 480 840 600 450 150 300 780 420 690 360 390 330 750 90 510 630
33 511 211 691 601 91 121 181 271 1 481 301 631 451 541 811 361 61 781 241 931 901 721 31 751 331 421 871 151 391 661 961 841 571
33 392 212 272 242 602 962 872 782 2 812 92 512 302 152 182 722 482 752 842 62 932 662 902 422 632 122 572 32 542 362 332 692 452
33 813 783 213 933 243 33 3 753 633 363 543 513 483 723 603 873 903 333 303 693 963 153 423 63 123 93 183 453 663 273 573 393 843
33 334 94 4 544 934 604 184 844 154 244 904 664 214 34 634 304 814 724 784 394 484 454 364 274 874 64 574 124 514 754 424 964 694
32 605 875 5 455 635 725 545 35 395 365 425 515 815 575 695 185 245 65 905 845 335 215 665 305 755 155 275 125 485 935 785 95
32 666 876 336 906 486 156 516 366 576 636 426 96 216 126 306 276 456 846 396 696 186 756 246 546 726 606 36 936 6 816 786 66
32 457 157 877 817 277 247 7 637 67 937 397 607 37 217 547 697 97 517 487 727 787 367 337 757 667 847 127 577 307 187 427 907
32 788 398 38 818 128 338 668 638 518 758 578 908 98 218 248 368 68 8 938 278 848 428 488 458 158 728 188 308 698 548 878 608
32 609 69 99 9 159 279 459 909 309 219 429 489 579 879 819 669 939 519 549 639 789 39 759 369 729 339 699 249 849 129 399 189
32 10 400 100 670 700 460 280 850 70 430 250 220 610 160 790 880 820 550 40 640 370 490 580 190 130 730 910 520 310 940 340 760
32 191 71 821 161 41 251 371 761 731 611 431 581 131 221 851 941 701 401 101 311 341 11 881 281 551 671 461 521 911 791 491 641
32 792 342 522 282 582 912 942 612 372 222 732 162 762 852 252 882 42 462 492 642 822 702 132 402 312 432 12 192 102 672 552 72
32 433 103 703 13 73 403 943 163 373 613 763 553 643 43 133 793 343 913 313 883 853 673 733 823 283 523 253 223 193 463 583 493
32 764 554 164 374 794 74 284 44 914 344 404 854 584 314 14 494 224 104 134 644 944 824 524 734 194 464 704 254 614 434 884 674
32 585 105 735 135 705 255 855 345 495 375 945 825 675 885 435 555 225 75 45 645 315 285 195 795 765 465 615 405 165 525 915 15
32 376 46 226 856 766 556 916 406 586 736 826 706 16 76 346 946 676 166 316 106 196 256 886 796 136 466 496 526 616 436 286 646
32 497 47 197 77 527 587 617 407 857 827 797 677 557 347 767 287 737 887 437 707 917 257 17 227 317 467 137 947 107 647 377 167
32 768 528 78 558 498 858 18 168 708 258 48 828 318 888 378 198 648 408 798 438 918 468 138 738 228 948 348 288 618 108 678 588
32 379 139 739 769 889 619 919 349 409 19 949 229 709 259 589 529 49 799 859 79 469 559 679 199 649 109 439 499 829 319 169 289
32 590 620 650 20 920 110 260 230 440 500 200 710 800 320 380 140 170 830 290 770 470 740 860 530 890 680 350 950 50 80 560 410
32 261 351 321 561 621 801 201 651 51 591 771 81 891 471 921 741 831 411 861 441 291 951 21 231 711 141 501 381 531 171 111 681
32 22 502 562 412 622 472 802 352 322 172 292 922 952 262 82 772 202 532 742 832 382 712 232 862 682 652 892 442 52 592 112 142
32 863 23 293 803 683 773 593 113 233 263 743 443 143 83 203 833 323 503 383 353 923 473 893 413 653 623 173 713 563 953 53 533
32 834 714 114 774 174 894 744 54 564 864 294 654 474 954 24 684 594 354 444 84 624 324 204 264 234 384 144 504 534 414 924 804
32 445 55 85 865 415 745 565 355 685 145 175 505 265 535 625 925 325 955 385 805 595 235 475 775 115 715 835 205 25 895 295 655
32 866 776 656 476 956 836 86 596 716 386 506 926 446 176 116 686 296 806 746 536 266 26 146 236 566 56 416 326 356 206 896 626
32 207 447 387 957 297 687 777 807 837 267 117 567 747 357 597 237 927 417 27 657 87 897 507 57 627 867 177 477 537 717 147 327