999 27
37 0 0 0 0 0 0 0 0 0 0 0 0 0 0 0 0 0 0 0 0 0 0 0 0 0 0 0 0 0 0 0 0 0 0 0 0 0
37 37 37 37 37 37 37 37 37 37 37 37 37 37 37 37 37 37 37 37 37 37 37 37 37 37 37 37 37 37 37 37 37 37 37 37 37 37
37 74 74 74 74 74 74 74 74 74 74 74 74 74 74 74 74 74 74 74 74 74 74 74 74 74 74 74 74 74 74 74 74 74 74 74 74 74
37 111 111 111 111 111 111 111 111 111 111 111 111 111 111 111 111 111 111 111 111 111 111 111 111 111 111 111 111 111 111 111 111 111 111 111 111 111
37 148 148 148 148 148 148 148 148 148 148 148 148 148 148 148 148 148 148 148 148 148 148 148 148 148 148 148 148 148 148 148 148 148 148 148 148 148
37 185 185 185 185 185 185 185 185 185 185 185 185 185 185 185 185 185 185 185 185 185 185 185 185 185 185 185 185 185 185 185 185 185 185 185 185 185
37 222 222 222 222 222 222 222 222 222 222 222 222 222 222 222 222 222 222 222 222 222 222 222 222 222 222 222 222 222 222 222 222 222 222 222 222 222
37 259 259 259 259 259 259 259 259 259 259 259 259 259 259 259 259 259 259 259 259 259 259 259 259 259 259 259 259 259 259 259 259 259 259 259 259 259
37 296 296 296 296 296 296 296 296 296 296 296 296 296 296 296 296 296 296 296 296 296 296 296 296 296 296 296 296 296 296 296 296 296 296 296 296 296
37 333 333 333 333 333 333 333 333 333 333 333 333 333 333 333 333 333 333 333 333 333 333 333 333 333 333 333 333 333 333 333 333 333 333 333 333 333
37 370 370 370 370 370 370 370 370 370 370 370 370 370 370 370 370 370 370 370 370 370 370 370 370 370 370 370 370 370 370 370 370 370 370 370 370 370
37 407 407 407 407 407 407 407 407 407 407 407 407 407 407 407 407 407 407 407 407 407 407 407 407 407 407 407 407 407 407 407 407 407 407 407 407 407
37 444 444 444 444 444 444 444 444 444 444 444 444 444 444 444 444 444 444 444 444 444 444 444 444 444 444 444 444 444 444 444 444 444 444 444 444 444
37 481 481 481 481 481 481 481 481 481 481 481 481 481 481 481 481 481 481 481 481 481 481 481 481 481 481 481 481 481 481 481 481 481 481 481 481 481
37 518 518 518 518 518 518 518 518 518 518 518 518 518 518 518 518 518 518 518 518 518 518 518 518 518 518 518 518 518 518 518 518 518 518 518 518 518
37 555 555 555 555 555 555 555 555 555 555 555 555 555 555 555 555 555 555 555 555 555 555 555 555 555 555 555 555 555 555 555 555 555 555 555 555 555
37 592 592 592 592 592 592 592 592 592 592 592 592 592 592 592 592 592 592 592 592 592 592 592 592 592 592 592 592 592 592 592 592 592 592 592 592 592
37 629 629 629 629 629 629 629 629 629 629 629 629 629 629 629 629 629 629 629 629 629 629 629 629 629 629 629 629 629 629 629 629 629 629 629 629 629
37 666 666 666 666 666 666 666 666 666 666 666 666 666 666 666 666 666 666 666 666 666 666 666 666 666 666 666 666 666 666 666 666 666 666 666 666 666
37 703 703 703 703 703 703 703 703 703 703 703 703 703 703 703 703 703 703 703 703 703 703 703 703 703 703 703 703 703 703 703 703 703 703 703 703 703
37 740 740 740 740 740 740 740 740 740 740 740 740 740 740 740 740 740 740 740 740 740 740 740 740 740 740 740 740 740 740 740 740 740 740 740 740 740
37 777 777 777 777 777 777 777 777 777 777 777 777 777 777 777 777 777 777 777 777 777 777 777 777 777 777 777 777 777 777 777 777 777 777 777 777 777
37 814 814 814 814 814 814 814 814 814 814 814 814 814 814 814 814 814 814 814 814 814 814 814 814 814 814 814 814 814 814 814 814 814 814 814 814 814
37 851 851 851 851 851 851 851 851 851 851 851 851 851 851 851 851 851 851 851 851 851 851 851 851 851 851 851 851 851 851 851 851 851 851 851 851 851
37 888 888 888 888 888 888 888 888 888 888 888 888 888 888 888 888 888 888 888 888 888 888 888 888 888 888 888 888 888 888 888 888 888 888 888 888 888
37 925 925 925 925 925 925 925 925 925 925 925 925 925 925 925 925 925 925 925 925 925 925 925 925 925 925 925 925 925 925 925 925 925 925 925 925 925
37 962 962 962 962 962 962 962 962 962 962 962 962 962 962 962 962 962 962 962 962 962 962 962 962 962 962 962 962 962 962 962 962 962 962 962 962 962