200 13
16 84 0 48 144 156 60 108 0 132 180 120 36 168 24 72 96
16 121 37 181 85 2 157 145 2 25 49 73 61 97 109 169 133
16 50 74 86 4 134 170 158 122 4 26 38 110 146 62 98 182
16 123 87 75 6 183 6 51 99 63 111 39 147 27 159 171 135
16 148 64 76 136 172 112 160 40 124 8 8 88 28 52 100 184
15 161 149 77 101 53 10 89 10 125 137 65 29 41 113 173
15 12 42 90 54 102 150 30 162 174 114 78 126 138 66 12
15 14 115 43 79 55 175 14 139 103 31 67 163 91 127 151
15 44 92 68 104 128 152 16 116 80 16 164 32 56 176 140
15 117 57 81 153 18 165 129 105 141 45 18 69 33 93 177
15 106 34 94 154 82 20 118 130 178 70 20 142 166 46 58
15 179 131 22 155 59 47 119 22 143 107 71 167 95 83 35
15 108 120 84 48 96 36 132 180 144 72 168 60 24 156 24