1000 10
294 304 649 213 400 448 583 551 176 379 524 293 588 578 53 30 168 322 427 90 211 573 613 358 487 283 10 408 28 15 184 104 698 135 65 537 393 440 186 17 381 273 89 175 381 240 117 175 234 183 183 316 317 340 623 440 216 578 46 696 57 669 564 551 183 169 378 504 376 203 117 11 561 657 92 527 99 423 492 492 236 234 48 488 247 527 569 54 636 426 505 248 593 330 496 446 468 40 529 433 133 615 447 237 112 535 704 301 55 125 381 259 354 104 305 537 85 530 264 336 454 81 237 175 324 101 18 173 491 122 7 487 367 288 539 376 505 702 219 198 568 14 360 649 234 283 18 79 340 487 225 168 275 423 274 168 538 375 428 214 497 16 301 5 354 274 46 58 574 99 200 354 544 608 542 121 468 148 136 121 274 117 506 675 166 692 125 619 583 264 108 593 43 561 440 386 618 52 171 152 166 487 583 542 283 198 229 648 642 135 402 391 133 470 366 216 680 582 559 529 614 319 519 393 253 467 667 447 151 457 269 308 216 243 677 152 315 473 481 298 702 166 280 477 704 558 190 175 275 666 307 56 275 229 644 166 5 477 536 682 247 643 400 402 310 109 89 13 695 225 479 473 403 477 304 106 183 1 267 423 43 186 259 613 606 42 219 314 614 229 11 524 582 198 58
117 572 332 652 651 125 328 876 650 74 420 33 579 582 571 393 860 389 261 769 604 160 686 732 61 519 876 278 51 313 328 161 218 638 578 279 645 322 493 614 111 444 764 491 327 21 693 59 617 801 878 493 220 38 386 72 734 865 514 659 533 483 295 684 423 464 140 84 636 256 548 470 760 296 328 35 824 797 869 824 870 431 269 250 230 285 365 647 690 115 635 250 786 817 526 790 35 44 565 476 57 61 69 383 130 193 61 829 676 709 250 650 249 693 84 33 840 153
123 482 306 838 581 524 850 622 710 192 439 694 398 175 525 162 694 539 523 482 195 843 776 424 532 853 22 3 351 742 361 461 579 524 16 521 802 362 418 697 532 404 287 818 319 532 151 665 617 523 219 726 787 277 743 853 823 672 86 739 567 462 207 572 385 244 113 797 372 267 777 726 438 519 44 392 697 30 136 68 341 19 438 371 622 319 418 348 197 451 687 757 73 213 7 685 425 668 116 797 295 99 851 768 504 26 142 13 338 178 444 810 642 282 425 533 430 541 103 306 127 176 36 785
78 87 45 206 783 525 495 749 260 447 574 339 712 96 184 485 752 178 821 820 518 273 762 752 491 68 749 268 577 209 844 607 607 186 853 32 736 832 792 5 594 234 779 191 205 297 113 365 48 147 403 439 793 911 513 206 221 783 147 417 176 345 838 391 422 833 761 64 354 201 509 521 39 237 732 496 827 462 328
17 144 861 946 853 938 938 55 25 144 265 249 928 202 380 284 53 60
43 347 496 218 136 379 533 392 923 181 504 340 298 656 320 620 525 572 473 591 341 719 294 692 729 411 286 871 320 829 938 777 203 415 865 859 613 798 561 211 661 275 701 936
57 570 903 711 687 812 131 181 107 699 160 809 281 126 792 107 136 345 913 943 119 941 907 363 168 48 568 4 183 537 206 562 771 244 444 187 892 652 212 850 774 507 706 490 438 796 943 376 402 515 691 614 171 730 381 570 479 638
225 310 549 704 294 753 376 498 613 550 421 641 32 337 214 87 134 671 555 641 125 753 61 368 699 64 259 167 517 460 493 282 389 493 40 360 531 362 686 451 297 444 541 499 734 279 348 750 580 191 203 731 624 450 9 0 444 397 416 73 457 520 498 763 682 29 405 103 389 537 188 521 358 250 279 518 270 277 329 86 484 80 143 652 243 227 406 364 144 1 127 398 695 102 23 460 624 763 369 733 182 344 80 89 13 396 487 315 574 613 389 639 444 735 670 372 9 606 704 541 137 713 727 182 216 210 682 684 75 330 563 271 73 258 758 724 624 383 724 196 728 118 661 680 600 651 581 765 737 518 590 741 450 74 340 108 127 585 294 398 595 742 475 690 712 406 380 43 131 222 462 730 131 525 514 329 37 493 310 47 688 580 581 9 546 594 239 91 393 399 354 337 50 73 370 716 733 37 748 581 541 78 527 641 625 454 167 452 719 330 670 73 679 219 525 387 526 76 305 729 263 243 258 536 364 271
33 278 103 266 694 106 197 515 820 113 768 198 517 135 494 414 260 709 774 615 406 197 654 603 601 820 507 354 654 106 116 888 692 611
13 552 125 207 706 478 254 9 303 700 636 692 154 424