777 37
13 434 89 374 157 125 164 558 85 351 218 313 346 689
41 494 490 600 660 101 276 104 19 114 386 235 571 67 588 409 120 190 236 644 59 174 337 39 641 568 8 712 119 77 333 571 724 121 198 537 392 203 90 723 227 314
2 499 195
63 712 562 278 650 289 438 312 463 10 342 628 592 30 686 95 284 137 411 321 346 635 123 251 62 206 49 201 59 318 296 681 398 257 347 680 58 484 479 107 551 251 309 231 495 438 59 678 313 244 208 600 476 63 117 589 405 443 546 448 285 78 417 604
30 647 699 32 398 538 171 217 523 45 608 671 272 351 174 196 439 502 686 525 623 224 711 208 344 593 20 4 707 577 115
23 571 443 224 271 426 167 605 13 498 91 430 96 254 421 517 625 323 73 31 333 273 608 302
44 733 681 216 364 705 73 698 517 129 674 182 371 373 71 253 552 331 357 466 152 636 0 243 471 610 147 358 308 403 649 645 731 243 34 679 36 139 208 479 83 552 368 698 124
24 276 388 202 80 137 394 146 423 457 567 569 510 677 298 43 643 109 168 28 574 725 17 597 468
4 594 496 687 395
25 309 463 269 443 280 460 402 121 203 175 320 53 576 637 407 591 201 530 568 198 741 403 628 700 323
2 518 513
25 380 612 601 241 328 532 464 226 533 293 617 116 430 454 580 436 65 181 399 141 174 113 468 233 433
13 679 367 709 704 677 100 324 49 231 287 433 567 631
45 207 52 187 284 711 620 689 628 215 628 491 683 723 269 190 261 348 275 75 513 655 397 68 57 377 26 171 601 297 293 345 417 227 536 599 331 85 559 118 213 248 601 7 360 301
35 138 21 349 100 2 150 737 349 21 688 255 605 494 228 331 533 444 479 95 643 530 481 101 259 154 538 420 313 502 736 640 98 134 723 702
4 575 263 73 640
7 78 674 708 703 372 96 156
9 676 693 529 714 19 46 101 244 394
37 347 182 256 697 700 56 505 148 16 135 243 525 732 107 543 348 368 291 82 695 383 412 710 665 469 603 138 412 182 683 734 472 189 649 733 684 150
5 674 76 579 408 681
25 104 260 206 338 281 9 167 478 158 340 267 572 369 413 456 594 389 585 725 594 442 427 615 27 403
10 402 316 653 558 233 599 18 78 239 242
2 343 245
56 93 114 304 160 532 531 329 245 515 464 517 509 503 618 163 476 498 366 531 278 224 598 190 21 448 620 473 249 10 563 570 522 53 204 271 397 276 12 478 320 338 42 545 1 566 609 620 522 335 187 345 561 124 575 696 462
2 577 495
46 116 352 36 651 659 543 64 155 269 201 554 36 656 275 287 200 668 715 344 83 54 620 171 287 267 142 453 362 316 666 645 509 88 675 510 438 698 334 62 56 684 399 538 282 317 310
61 235 9 233 110 3 46 430 599 158 140 387 447 515 4 166 289 479 427 609 510 491 647 115 151 80 424 421 39 107 270 663 649 187 342 599 672 362 202 467 427 601 222 554 396 149 530 21 136 701 4 464 513 315 686 228 357 85 418 467 289 167
5 768 138 330 400 458
19 423 645 500 463 142 735 55 166 584 516 303 294 545 113 179 462 91 676 286
23 39 451 515 245 47 625 397 189 291 41 552 532 455 635 517 518 398 712 521 532 39 107 440
23 591 205 604 436 66 486 246 569 324 737 204 393 753 737 222 179 403 454 313 668 425 42 380
21 163 407 32 601 224 137 467 709 497 183 646 15 268 471 373 386 473 191 410 487 135
8 236 81 752 607 699 746 365 699
13 611 132 26 572 619 187 108 185 616 230 266 616 152
6 280 649 752 451 758 309
3 421 420 326
3 148 742 30