285
996691 566977
-243521 -550665
262206 -598056
389416 651720
-734809 -94604
562824 492061
-110952 -15946
564794 888807
-855025 -861542
-244800 -774376
-74891 594977
-841909 -455279
248426 460639
946877 742449
-530931 -205467
-316067 -252519
266264 -977551
-865448 -423877
545059 -720023
-924717 -615318
-601198 197973
704763 917615
148149 -876034
937655 -259701
45725 -76419
20728 514207
-420193 397570
572579 627766
-758650 382618
-498619 158624
-446210 695365
295449 251202
28140 847849
425764 -932191
-924704 -881953
-399804 -498352
-187329 -177883
-927421 149362
32551 768649
-496046 378289
738541 -879991
-814449 789433
-262051 559322
-866155 809157
535449 -170254
-408994 370056
49701 108389
425605 926612
425013 467809
580206 -404737
-670665 -704775
441554 -871176
-125932 743966
210901 -27005
-307048 -173255
155570 -217606
592832 -159538
328875 392945
312122 -130618
781563 698898
229279 839845
483038 861001
941225 78653
-747860 658362
-477762 -525468
-647983 -438940
89145 -59420
-437884 800205
781572 249608
-846313 141511
-857966 821875
-625001 -588444
688402 32062
121270 333376
-865947 389935
-156821 999167
-537439 -611373
768062 482892
-671485 224215
-548860 -334813
819134 -750508
572568 -277474
581969 -244992
715639 -249552
-216339 754287
-522963 -321425
-556498 -792244
-542421 -291240
124681 721898
617357 -84968
202085 -69740
142574 -177719
-662740 851135
230328 575260
689398 -444846
-318357 -304258
-436145 494844
885556 -76918
488434 434391
540872 74928
24528 -340862
220561 -797375
-404562 -489621
-595643 62773
142839 -967107
-932357 -519496
-854636 -352655
177463 -46576
-913440 42407
-399491 -286477
338771 -681760
-17413 176713
76257 -178508
-664918 -579981
194529 -975645
903275 -187726
323787 174577
-163147 139864
790272 34011
110685 301303
-607533 870702
812949 589087
400389 -465866
875875 -535952
260577 -657862
-30674 809241
-563570 653434
990342 811107
-548608 503811
-412735 588706
-983470 -84942
-88391 634720
524215 -131194
921978 -7154
885166 549267
-485211 -54448
954382 -948171
-942273 -515568
780979 -464973
306295 701044
595852 854088
-306102 467009
356107 -174413
-824417 219362
851193 401852
-63832 -533014
998689 -698279
504836 729424
-818733 533584
299091 -175419
-925046 111371
593885 -206250
-103723 555682
316674 -94630
-318031 918018
365844 990519
291431 -173820
-67443 412388
-124752 -993835
460832 573712
919002 375432
-639554 -715909
529222 250347
131928 -958999
681051 221877
22481 -911764
-581955 -727961
533418 218261
832310 897875
-193916 -654322
-140487 809451
-966316 403664
794479 479624
395154 -766612
-286944 712657
-565794 484476
294550 30867
-393312 914671
886337 -921601
-261230 -92339
444720 225880
-45815 334526
131243 -81586
909170 -195369
18151 -581649
560168 347570
-945965 229385
-94400 845133
-846246 -506545
815880 670209
215721 -658748
708814 591873
73497 -977204
-101233 -983373
798707 570073
-797211 -130936
307044 730090
-940556 201497
256285 682311
445986 887404
-341088 -394343
4366 193680
-591981 311646
581560 -312799
-183028 873762
892015 -792827
159077 576662
-862263 -574836
214176 -171938
634321 -376667
620045 42089
46296 955174
931141 341685
-26828 857286
-856893 -851663
577993 -252165
-395810 -672906
-110293 -225183
-304563 179113
-633154 778285
-837800 -386290
-320667 -411793
918954 -801831
-359328 -76467
928654 -131980
-360183 -606278
-948080 871406
-463036 -541963
-779331 -767437
-858192 -723577
-106911 -393778
-639084 211706
293479 -614782
607976 128357
-148202 807552
464692 -108884
-139628 123889
322981 457809
278909 538669
-196674 -864834
-791778 9049
-153639 192772
-410563 -435315
931472 513631
-811323 677434
811688 -821967
932683 -622331
-794847 -996925
-547563 -804382
-42754 655549
191840 -701546
-267066 -906045
601615 -788747
983350 846936
-650907 -514540
-35348 -779208
291862 772594
14466 388184
846681 883555
-501427 -517429
-271541 552064
-573594 869918
-437561 953275
713310 508647
385408 63571
793652 687240
-950612 -537162
-172391 -774087
-177103 -223460
75358 340236
242281 -850384
-934536 -240759
-138565 -705129
750492 305641
-97082 -531112
197592 36518
-91673 879085
-586036 -890653
304895 -847165
-866764 -211734
217575 464261
713028 -892520
-208800 424382
-984878 -338494
-168262 151704
