5
70 132
1100000101011010110001000111111000100101101110001110101000111000111110
1 20 5
2 1 22
4 32 62
5 41 40
5 22 51
6 19 15
7 31 35
9 23 25
10 51 55
10 40 6
11 42 66
12 51 16
13 53 54
15 67 4
15 38 59
16 33 65
16 8 17
17 8 15
17 16 12
17 14 52
20 27 47
21 66 7
21 2 65
21 6 14
23 61 35
24 62 35
31 19 11
31 40 43
32 39 38
35 31 4
35 4 3
36 37 24
38 34 4
39 16 39
39 22 2
39 55 44
42 44 8
43 12 18
43 24 12
45 18 23
46 49 57
47 28 42
49 37 63
50 21 68
50 26 1
51 27 11
52 33 63
53 37 22
55 55 40
55 40 53
55 25 17
55 14 16
56 13 54
57 17 3
57 32 68
58 21 51
59 40 14
60 59 50
60 70 45
64 55 48
64 35 2
66 33 21
69 58 27
70 13 14
70 44 3
70 31 57
71 13 34
71 26 49
77 12 14
78 8 45
79 29 65
83 32 70
83 55 12
84 1 33
84 31 33
85 30 54
86 23 23
86 61 26
86 40 10
87 31 35
87 14 24
87 34 11
88 2 57
89 54 26
91 7 60
91 3 38
92 39 28
93 30 60
94 49 60
96 34 33
97 48 53
98 58 2
99 52 4
99 58 31
99 35 27
100 57 38
100 38 54
101 29 37
102 67 63
102 34 43
103 8 60
106 55 65
107 52 13
108 65 32
109 18 50
109 27 33
112 32 44
113 70 50
114 20 23
116 22 32
116 58 62
116 59 39
117 18 48
118 41 63
118 15 6
118 23 7
119 11 1
119 65 17
120 41 12
120 15 64
121 38 10
122 58 11
122 60 57
124 3 43
124 48 5
126 27 51
126 14 69
127 1 38
128 33 32
129 7 42
129 63 28
130 14 8
99 146
011001101011000110010010101110110110011010110111110100000001001110000011100111110001111110110001111
1 58 12
1 30 12
2 87 61
2 99 26
2 90 18
3 16 89
6 3 67
8 47 46
9 27 44
12 55 17
14 63 59
14 10 69
16 49 7
17 59 48
17 62 82
18 97 68
19 51 68
19 33 44
20 28 59
24 51 49
24 77 91
25 67 84
27 61 86
28 97 29
28 21 31
30 26 94
30 80 1
31 4 85
31 54 78
31 84 99
32 82 1
33 95 37
35 81 53
36 30 76
36 30 89
36 4 20
40 32 15
42 66 39
42 53 36
42 71 40
43 15 74
43 79 75
46 17 70
47 48 21
48 73 78
48 86 88
49 60 3
49 7 45
50 83 89
51 61 77
52 47 63
52 54 37
53 37 98
54 97 74
55 26 35
55 68 87
57 51 74
58 1 46
60 48 5
60 68 20
61 50 14
61 17 86
63 71 4
63 72 69
65 69 27
65 95 33
66 45 66
70 2 17
70 42 64
70 27 24
72 62 97
73 78 15
74 71 20
74 85 10
77 98 54
78 77 25
79 98 41
80 9 72
81 16 76
83 83 69
83 73 33
84 40 4
87 95 71
87 20 37
87 60 52
88 28 95
89 62 90
90 12 46
91 80 49
91 79 35
95 37 68
95 4 61
95 29 73
96 76 17
97 86 33
97 38 12
99 55 2
99 87 28
99 79 79
101 77 38
102 26 4
104 57 10
104 79 86
105 80 50
107 36 98
108 36 79
108 9 99
108 22 95
110 93 83
110 73 56
110 51 30
110 73 22
112 37 64
112 6 76
112 85 27
113 20 2
116 23 93
120 15 19
120 98 33
121 38 95
121 29 23
121 41 34
122 35 48
127 57 2
128 40 74
129 75 81
130 53 94
130 91 86
133 60 27
133 82 38
133 65 1
136 28 10
138 36 40
140 68 60
140 2 94
140 96 2
141 79 6
141 2 63
141 55 99
143 19 39
143 64 10
143 99 48
144 42 73
145 2 37
146 83 13
146 78 28
81 91
100011011011000011001100000001011100011010010001100001100110100011010001111110011
1 42 2
1 62 61
4 55 8
4 67 50
6 48 66
7 16 27
9 70 11
9 18 56
11 68 64
12 15 35
12 64 8
12 54 60
13 43 54
15 75 17
15 80 64
17 19 62
19 18 6
20 39 81
22 49 81
23 80 46
24 30 51
26 32 5
26 41 4
27 51 62
28 38 51
28 57 68
28 75 37
29 30 36
30 10 40
31 4 35
33 2 56
34 22 33
35 71 9
36 23 65
36 79 50
36 33 75
36 6 5
36 26 61
37 6 18
38 37 31
39 45 6
40 46 15
41 39 15
42 40 4
43 80 15
43 9 50
44 47 80
44 3 4
44 67 23
47 44 43
48 35 33
49 38 81
52 61 69
53 44 23
54 33 46
54 11 24
56 71 32
57 79 78
59 16 67
60 24 66
62 59 25
62 60 81
63 44 53
64 46 59
64 12 13
66 2 62
67 1 42
69 13 30
69 16 43
69 60 47
70 73 24
71 44 80
71 51 49
72 11 59
73 63 72
73 43 11
74 65 49
74 18 2
75 1 4
77 74 69
77 27 66
79 25 54
83 47 1
83 47 38
84 49 6
84 78 71
85 76 72
86 25 60
87 68 46
89 81 75
91 29 1
53 177
11110001100100111100000101000100011001000110101000011
1 46 44
4 8 37
5 37 36
5 28 27
5 39 24
6 19 13
7 36 19
8 11 24
10 18 50
12 6 39
12 46 31
15 24 44
16 2 16
16 13 4
19 16 28
19 26 8
21 27 52
23 45 45
23 22 12
23 8 33
24 21 40
25 37 44
25 30 23
26 44 47
27 30 24
28 5 22
29 15 53
30 16 42
31 12 20
31 40 31
32 19 29
32 40 27
36 43 17
36 32 22
37 41 20
37 27 12
38 28 43
40 27 49
41 33 8
42 27 34
43 33 20
44 39 39
44 19 17
46 13 36
46 2 1
46 15 52
47 50 19
47 22 21
47 32 17
48 12 27
49 42 16
50 19 31
51 43 2
53 16 7
53 26 7
53 16 7
55 40 5
55 33 39
55 28 15
56 37 34
57 52 10
58 46 32
58 53 25
59 15 11
59 3 18
60 16 8
60 33 15
61 18 50
61 2 30
62 47 12
62 4 19
64 18 2
65 27 21
66 5 35
68 9 21
68 33 51
69 35 31
70 10 15
71 7 25
72 31 23
73 46 28
74 44 30
74 48 9
75 32 46
77 44 40
77 4 26
79 26 38
80 12 35
80 6 41
80 50 27
81 8 3
82 8 42
82 44 29
83 10 1
84 46 45
87 40 41
87 45 6
88 19 9
89 32 40
90 8 46
94 2 8
94 49 14
94 32 51
95 22 15
96 33 19
97 41 31
99 45 11
100 25 32
101 3 14
103 5 23
103 26 41
103 5 32
104 17 39
105 9 8
106 36 13
109 1 36
111 29 40
111 53 33
112 47 47
113 10 28
114 48 33
114 4 37
116 47 21
117 51 41
121 3 10
126 3 9
126 37 33
126 11 2
128 6 43
133 26 31
133 13 19
134 35 16
135 20 3
135 24 8
135 24 14
136 40 47
137 2 32
138 13 4
138 21 11
138 32 8
138 44 29
138 22 39
139 37 9
140 5 51
143 52 46
143 23 8
146 19 16
148 39 26
149 8 1
149 30 41
151 22 32
151 47 4
153 44 30
154 1 8
154 45 23
155 25 39
156 27 30
157 50 43
158 44 40
158 42 7
158 29 11
158 11 43
159 31 48
160 33 1
161 5 13
162 2 50
165 41 41
167 26 49
167 14 36
168 3 23
169 9 9
170 17 15
171 32 2
174 44 42
176 1 37
176 42 6
176 49 48
22 100
0000100111110100010110
2 16 18
2 11 4
2 3 13
3 17 11
3 21 22
3 10 3
3 11 21
4 3 9
7 1 17
8 16 15
8 11 1
12 19 5
13 8 19
14 2 15
17 10 7
17 21 14
19 5 18
19 3 11
19 9 10
20 15 18
20 14 5
21 18 19
22 9 14
23 19 21
23 13 17
23 21 16
23 8 1
24 17 3
27 17 9
27 17 10
28 3 21
29 20 13
31 15 5
32 2 11
33 13 1
33 7 11
34 5 17
34 12 4
36 10 8
37 18 8
38 1 11
39 20 10
39 3 6
39 6 20
42 2 1
42 16 6
44 10 15
44 12 20
44 14 20
45 16 4
51 11 22
51 21 9
51 10 7
52 16 18
56 17 9
56 3 9
59 17 3
60 20 7
61 18 12
63 17 14
63 15 8
66 13 8
66 7 10
68 15 6
69 20 14
69 22 16
70 11 15
70 3 21
71 15 2
72 1 19
73 10 3
73 9 2
73 18 8
74 1 17
75 9 12
76 2 20
80 11 14
82 6 18
82 17 7
82 11 20
84 2 17
86 7 14
88 17 20
88 19 19
89 1 7
90 12 9
91 9 6
91 6 16
92 8 5
92 19 19
94 20 15
95 22 20
96 12 10
96 10 22
96 4 12
97 7 14
97 11 7
97 15 11
97 22 13
98 6 12
